1030
9
7.19508955
7.196222591

0 1 1 8 62 4 (D 0,1,1) (D 0,1,26) (S 18,26,27) (D 0,27,1)
0 1 2 1 0 2 (D 0,1,1) (S 40,1,1)
0 1 3 64 223 14 (D 0,1,1) (D 0,1,18) (S 10,18,22) (D 0,22,18) (S 9,18,19) (D 0,19,13) (S 4,13,19) (D 0,19,13) (S 3,13,18) (D 0,18,17) (S 7,17,18) (D 0,18,17) (S 8,17,20) (D 0,20,1)
0 1 4 15 39 5 (D 0,1,1) (D 0,1,14) (S 5,14,15) (S 6,15,16) (D 0,16,1)
0 1 5 81 231 15 (D 0,1,1) (D 0,1,33) (S 32,33,34) (S 33,34,35) (D 0,35,28) (S 23,28,35) (D 0,35,27) (S 21,27,28) (D 0,28,27) (S 22,27,34) (D 0,34,26) (S 20,26,34) (D 0,34,26) (S 19,26,33) (D 0,33,1)
0 1 6 26 57 8 (D 0,1,1) (D 0,1,13) (S 2,13,17) (D 0,17,12) (S 1,12,17) (D 0,17,12) (S 38,12,12) (D 0,12,1)
0 1 7 98 237 20 (D 0,1,1) (D 0,1,29) (S 24,29,30) (D 0,30,29) (S 25,29,36) (S 35,36,37) (S 36,37,38) (D 0,38,31) (S 30,31,38) (D 0,38,31) (S 29,31,37) (D 0,37,30) (S 27,30,37) (D 0,37,30) (S 26,30,31) (S 28,31,32) (S 31,32,39) (D 0,39,38) (S 37,38,39) (D 0,39,1)
0 1 8 14 29 4 (D 0,1,1) (D 0,1,35) (S 34,35,36) (D 0,36,1)
0 1 9 36 152 14 (D 0,1,1) (D 0,1,20) (S 11,20,21) (D 0,21,20) (S 12,20,23) (S 16,23,24) (S 17,24,25) (D 0,25,22) (S 15,22,25) (D 0,25,21) (S 13,21,22) (D 0,22,21) (S 14,21,24) (D 0,24,1)