150
10
7.173306941
7.173731877

0 1 1 45 18 6 (D 0,1,1) (D 0,1,15) (S 27,15,15) (S 30,15,15) (S 33,15,15) (D 0,15,1)
0 1 2 12 10 4 (D 0,1,1) (D 0,1,12) (S 7,12,12) (D 0,12,1)
0 1 3 40 16 7 (D 0,1,1) (D 0,1,10) (S 6,10,10) (S 15,10,10) (S 19,10,10) (S 39,10,10) (D 0,10,1)
0 1 4 39 16 6 (D 0,1,1) (D 0,1,13) (S 5,13,13) (S 21,13,13) (S 22,13,13) (D 0,13,1)
0 1 5 18 14 9 (D 0,1,1) (D 0,1,3) (S 4,3,3) (S 12,3,3) (S 13,3,3) (S 28,3,3) (S 32,3,3) (S 35,3,3) (D 0,3,1)
0 1 6 56 8 10 (D 0,1,1) (D 0,1,8) (S 8,8,8) (S 10,8,8) (S 17,8,8) (S 18,8,8) (S 20,8,8) (S 25,8,8) (S 34,8,8) (D 0,8,1)
0 1 7 4 18 4 (D 0,1,1) (D 0,1,4) (S 3,4,4) (D 0,4,1)
0 1 8 2 4 4 (D 0,1,1) (D 0,1,2) (S 29,2,2) (D 0,2,1)
0 1 9 10 24 5 (D 0,1,1) (D 0,1,5) (S 2,5,5) (S 37,5,5) (D 0,5,1)
0 1 10 28 22 5 (D 0,1,1) (D 0,1,14) (S 11,14,14) (S 14,14,14) (D 0,14,1)