232
14
7.188046332
7.188562882

0 1 1 20 36 5 (D 0,1,1) (D 0,1,10) (S 5,10,10) (S 23,10,10) (D 0,10,1)
0 1 2 8 18 4 (D 0,1,1) (D 0,1,8) (S 33,8,8) (D 0,8,1)
0 1 3 8 16 7 (D 0,1,1) (D 0,1,2) (S 16,2,2) (S 19,2,2) (S 37,2,2) (S 46,2,2) (D 0,2,1)
0 1 4 45 16 6 (D 0,1,1) (D 0,1,15) (S 9,15,15) (S 35,15,15) (S 44,15,15) (D 0,15,1)
0 1 5 14 14 5 (D 0,1,1) (D 0,1,7) (S 14,7,7) (S 22,7,7) (D 0,7,1)
0 1 6 20 14 7 (D 0,1,1) (D 0,1,5) (S 8,5,5) (S 11,5,5) (S 12,5,5) (S 39,5,5) (D 0,5,1)
0 1 7 70 14 8 (D 0,1,1) (D 0,1,14) (S 6,14,14) (S 10,14,14) (S 18,14,14) (S 26,14,14) (S 48,14,14) (D 0,14,1)
0 1 8 55 14 8 (D 0,1,1) (D 0,1,11) (S 3,11,11) (S 17,11,11) (S 27,11,11) (S 32,11,11) (S 38,11,11) (D 0,11,1)
0 1 9 3 28 4 (D 0,1,1) (D 0,1,3) (S 20,3,3) (D 0,3,1)
0 1 10 39 10 6 (D 0,1,1) (D 0,1,13) (S 24,13,13) (S 36,13,13) (S 49,13,13) (D 0,13,1)
0 1 11 24 8 5 (D 0,1,1) (D 0,1,12) (S 28,12,12) (S 30,12,12) (D 0,12,1)
0 1 12 1 0 2 (D 0,1,1) (S 43,1,1)
0 1 13 6 4 4 (D 0,1,1) (D 0,1,6) (S 31,6,6) (D 0,6,1)
0 1 14 4 40 4 (D 0,1,1) (D 0,1,4) (S 42,4,4) (D 0,4,1)