685
8
7.212912169
7.213440147

0 1 1 7 54 4 (D 0,1,1) (D 0,1,46) (S 23,46,47) (D 0,47,1)
0 1 2 12 8 4 (D 0,1,1) (D 0,1,12) (S 49,12,12) (D 0,12,1)
0 1 3 2 16 4 (D 0,1,1) (D 0,1,2) (S 41,2,2) (D 0,2,1)
0 1 4 9 50 4 (D 0,1,1) (D 0,1,37) (S 7,37,38) (D 0,38,1)
0 1 5 13 73 7 (D 0,1,1) (D 0,1,40) (S 11,40,41) (D 0,41,40) (S 12,40,47) (S 24,47,48) (D 0,48,1)
0 1 6 46 180 14 (D 0,1,1) (D 0,1,38) (S 10,38,45) (D 0,45,38) (S 9,38,43) (S 18,43,45) (S 22,45,50) (D 0,50,43) (S 19,43,50) (D 0,50,42) (S 16,42,43) (D 0,43,42) (S 17,42,44) (D 0,44,1)
0 1 7 74 256 23 (D 0,1,1) (D 0,1,35) (S 3,35,36) (D 0,36,35) (S 4,35,41) (S 14,41,48) (S 25,48,49) (D 0,49,44) (S 20,44,49) (D 0,49,44) (S 21,44,50) (D 0,50,49) (S 26,49,50) (D 0,50,41) (S 15,41,49) (D 0,49,41) (S 13,41,42) (D 0,42,36) (S 6,36,42) (D 0,42,36) (S 5,36,37) (S 8,37,43) (D 0,43,1)
0 1 8 10 48 6 (D 0,1,1) (D 0,1,34) (S 1,34,35) (D 0,35,34) (S 2,34,40) (D 0,40,1)