151492
33
6.641671809
6.645944405

0 1 1 1367 6432 13 (D 0,22,22) (D 0,22,10) (S 20,10,16) (D 0,16,9) (S 16,9,10) (D 0,10,9) (S 17,9,19) (S 36,19,26) (D 0,26,25) (S 47,25,26) (D 0,26,25) (S 48,25,33) (D 0,33,22)
0 1 2 1305 3708 6 (D 0,22,22) (D 0,22,13) (S 25,13,14) (D 0,14,13) (S 26,13,23) (D 0,23,22)
0 1 3 942 3026 6 (D 0,22,22) (D 0,22,5) (S 9,5,6) (D 0,6,5) (S 10,5,12) (D 0,12,22)
0 1 4 640 2586 6 (D 0,22,22) (D 0,22,16) (S 30,16,17) (D 0,17,16) (S 31,16,21) (D 0,21,22)
0 1 5 1483 5066 10 (D 0,22,22) (D 0,22,4) (S 7,4,5) (D 0,5,4) (S 8,4,11) (D 0,11,10) (S 18,10,11) (D 0,11,10) (S 19,10,15) (D 0,15,22)
0 1 6 928 3968 10 (D 0,22,22) (D 0,22,29) (S 56,29,37) (D 0,37,29) (S 57,29,38) (D 0,38,37) (S 71,37,38) (D 0,38,37) (S 72,37,48) (D 0,48,22)
0 1 7 1377 3705 7 (D 0,22,22) (D 0,22,28) (S 54,28,37) (D 0,37,28) (S 53,28,29) (S 55,29,30) (D 0,30,22)
0 1 8 1395 3534 7 (D 0,22,22) (D 0,22,11) (S 21,11,12) (D 0,12,11) (S 22,11,17) (S 32,17,21) (D 0,21,22)
0 1 9 1367 4645 8 (D 0,22,22) (D 0,22,31) (S 61,31,40) (D 0,40,32) (S 62,32,40) (D 0,40,32) (S 63,32,41) (D 0,41,22)
0 1 10 901 2996 6 (D 0,22,22) (D 0,22,21) (S 40,21,22) (D 0,22,21) (S 41,21,29) (D 0,29,22)
0 1 11 1454 4873 9 (D 0,22,22) (D 0,22,24) (S 46,24,32) (D 0,32,23) (S 44,23,24) (D 0,24,23) (S 45,23,31) (S 60,31,32) (D 0,32,22)
0 1 12 884 1928 5 (D 0,22,22) (D 0,22,12) (S 23,12,13) (D 0,13,12) (S 24,12,22)
0 1 13 1331 3283 7 (D 0,22,22) (D 0,22,30) (S 58,30,31) (D 0,31,30) (S 59,30,39) (S 75,39,40) (D 0,40,22)
0 1 14 1052 2248 5 (D 0,22,22) (S 42,22,23) (D 0,23,22) (S 43,22,30) (D 0,30,22)
0 1 15 774 3478 4 (D 0,22,22) (D 0,22,19) (S 35,19,20) (D 0,20,22)
0 1 16 939 7243 6 (D 0,22,22) (D 0,22,42) (S 80,42,43) (D 0,43,42) (S 81,42,45) (D 0,45,22)
0 1 17 1004 6949 6 (D 0,22,22) (D 0,22,33) (S 64,33,34) (D 0,34,33) (S 65,33,42) (D 0,42,22)
0 1 18 1535 7750 8 (D 0,22,22) (D 0,22,43) (S 82,43,44) (D 0,44,43) (S 83,43,46) (D 0,46,45) (S 85,45,46) (D 0,46,22)
0 1 19 1060 6351 6 (D 0,22,22) (D 0,22,34) (S 66,34,35) (D 0,35,34) (S 67,34,43) (D 0,43,22)
0 1 20 1165 5614 6 (D 0,22,22) (D 0,22,1) (S 1,1,2) (D 0,2,1) (S 2,1,8) (D 0,8,22)
0 1 21 1312 5646 6 (D 0,22,22) (D 0,22,26) (S 49,26,27) (D 0,27,26) (S 50,26,35) (D 0,35,22)
0 1 22 1012 5690 6 (D 0,22,22) (D 0,22,18) (S 33,18,19) (D 0,19,18) (S 34,18,25) (D 0,25,22)
0 1 23 803 4171 6 (D 0,22,22) (D 0,22,27) (S 51,27,28) (D 0,28,27) (S 52,27,36) (D 0,36,22)
0 1 24 1437 6062 9 (D 0,22,22) (D 0,22,44) (S 84,44,47) (D 0,47,35) (S 69,35,44) (D 0,44,35) (S 68,35,36) (S 70,36,37) (D 0,37,22)
0 1 25 1435 5275 7 (D 0,22,22) (D 0,22,46) (S 86,46,47) (S 87,47,48) (S 88,48,49) (S 89,49,50) (D 0,50,22)
0 1 26 546 3174 6 (D 0,22,22) (D 0,22,3) (S 5,3,4) (D 0,4,3) (S 6,3,10) (D 0,10,22)
0 1 27 1456 4605 8 (D 0,22,22) (D 0,22,6) (S 12,6,13) (D 0,13,6) (S 11,6,7) (S 13,7,14) (S 27,14,24) (D 0,24,22)
0 1 28 1433 6020 10 (D 0,22,22) (D 0,22,2) (S 3,2,3) (D 0,3,2) (S 4,2,9) (D 0,9,8) (S 14,8,9) (D 0,9,8) (S 15,8,18) (D 0,18,22)
0 1 29 870 3524 6 (D 0,22,22) (D 0,22,20) (S 38,20,28) (D 0,28,20) (S 39,20,29) (D 0,29,22)
0 1 30 777 4068 6 (D 0,22,22) (D 0,22,40) (S 77,40,41) (D 0,41,40) (S 78,40,51) (D 0,51,22)
0 1 31 1346 3837 7 (D 0,22,22) (D 0,22,15) (S 28,15,16) (D 0,16,15) (S 29,15,20) (S 37,20,21) (D 0,21,22)
0 1 32 1476 5245 8 (D 0,22,22) (D 0,22,39) (S 76,39,50) (S 90,50,51) (S 91,51,52) (D 0,52,41) (S 79,41,52) (D 0,52,22)
0 1 33 1282 4792 6 (D 0,22,22) (D 0,22,38) (S 73,38,39) (D 0,39,38) (S 74,38,49) (D 0,49,22)